[N
47
19
16 fulladderstructn
20
9 addersubs
9
7 mux2t1n
16
9 mux2t1_5b
42
8 iInstExt
8
10 ADDR_WIDTH
11
17 ripplecarryaddern
2
8 mux2t1_n
4
1 N
45
5 mixed
10
12 nbitregister
6
3 rtl
14
3 NIn
31
3 D10
32
3 D11
33
3 D12
34
3 D13
35
3 D14
36
3 D15
27
3 mux
37
9 mux32b3t1
21
9 structure
1
72 /home/kosice/Documents/cpre381-toolflow/containers/sim_container_13/work
41
14 mips_processor
18
9 onescompn
24
6 xorg_n
13
10 behavioral
47
12 OUTPUT_TRACE
44
2 tb
23
5 org_n
25
6 norg_n
17
5 dffgn
7
10 DATA_WIDTH
39
2 D0
38
2 D5
40
2 D6
29
2 D7
26
7 mux16_1
30
2 D9
28
2 D8
3
10 structural
5
3 mem
15
4 NOut
46
9 gCLK_HPER
12
11 shiftleft2n
22
6 andg_n
43
9 iInstAddr
]
[G
1
44
45
1
47
0
0
0
0
8 8
109
115
46
116
114
97
99
101
1
1
1 8 1 1
]
[G
1
20
21
1
4
1
0
32
0
0 0
0
0
]
[G
1
5
6
1
8
1
0
10
0
0 0
0
0
]
[G
1
12
13
1
14
1
0
26
0
0 0
0
0
]
[G
1
12
13
2
14
1
0
30
0
0 0
0
0
]
[G
1
22
3
1
4
1
0
32
0
0 0
0
0
]
[G
1
44
45
1
46
0
0
0
0
8 8
-128
-106
-104
0
0
0
0
0
0
0
]
[G
1
44
45
1
4
1
0
32
0
0 0
0
0
]
[G
1
19
3
1
4
1
0
32
0
0 0
0
0
]
[G
1
9
3
1
4
1
0
32
0
0 0
0
0
]
[G
1
16
3
1
4
1
0
5
0
0 0
0
0
]
[G
1
41
21
1
4
1
0
32
0
0 0
0
0
]
[G
1
5
6
1
7
1
0
32
0
0 0
0
0
]
[G
1
11
3
1
4
1
0
32
0
0 0
0
0
]
[G
1
2
3
1
4
1
0
32
0
0 0
0
0
]
[G
1
25
21
1
4
1
0
32
0
0 0
0
0
]
[G
1
10
3
1
4
1
0
32
0
0 0
0
0
]
[G
1
12
13
1
15
1
0
28
0
0 0
0
0
]
[G
1
12
13
2
15
1
0
32
0
0 0
0
0
]
[G
1
18
3
1
4
1
0
32
0
0 0
0
0
]
[G
1
24
3
1
4
1
0
32
0
0 0
0
0
]
[G
1
23
3
1
4
1
0
32
0
0 0
0
0
]
[G
1
17
3
1
4
1
0
32
0
0 0
0
0
]
[P
1
41
21
42
43
1
0
0
]
[P
1
26
27
31
29
1
0
0
]
[P
1
26
27
32
29
1
0
0
]
[P
1
26
27
33
29
1
0
0
]
[P
1
26
27
34
29
1
0
0
]
[P
1
26
27
35
29
1
0
0
]
[P
1
26
27
36
29
1
0
0
]
[P
1
37
27
38
39
1
0
0
]
[P
1
37
27
40
39
1
0
0
]
[P
1
37
27
29
39
1
0
0
]
[P
1
26
27
28
29
1
0
0
]
[P
1
26
27
30
29
1
0
0
]
